# 匹配点对应关系 (像素坐标 → 3D 坐标)
# 格式: x1 y1 x2 y2 X Y Z
250.26 191.20 280.27 191.17 0.332160 -8.305085 564.605312
250.27 209.14 280.28 209.15 0.217588 5.945081 391.086302
250.30 200.27 280.29 200.30 0.225999 0.152464 371.207114
259.16 200.26 289.20 200.26 6.726940 0.178562 436.395588
276.69 237.45 306.71 237.49 18.873769 26.483290 424.213228
295.36 265.80 325.33 265.81 6.975284 10.113745 92.249052
298.47 239.62 328.43 239.69 11.277364 9.214606 139.661794
304.87 260.33 334.84 260.52 9.025059 9.928775 98.687323
315.07 325.36 345.07 325.37 10.567125 20.390604 97.550485
315.11 235.12 345.10 235.14 14.670919 7.901199 135.266061
324.81 245.16 354.84 245.16 14.245509 8.583641 114.281627
332.53 243.77 362.57 243.77 14.897830 7.884724 108.344641
336.08 265.81 366.08 265.81 11.915297 9.096919 83.040428
336.08 265.81 366.08 265.81 11.915297 9.096919 83.040428
337.93 243.77 367.94 243.75 14.323065 7.112093 97.762494
339.18 232.44 369.13 232.47 14.400078 5.223102 96.927143
339.18 232.44 369.13 232.47 14.400078 5.223102 96.927143
344.63 244.80 374.67 244.81 14.673314 6.930026 93.052681
349.03 286.40 379.04 286.37 12.012174 10.469383 72.763289
355.46 275.58 385.46 275.58 12.712491 9.098773 72.315422
355.71 255.98 385.75 256.11 14.164115 7.493330 80.398076
356.73 267.94 386.73 267.95 13.031646 8.282278 73.251482
356.74 262.58 386.75 262.60 13.402679 7.843791 75.333834
360.11 343.54 390.06 343.61 12.604042 16.451697 68.727817
366.03 304.33 396.47 304.35 16.748256 15.038342 86.572068
370.66 230.16 400.72 230.19 16.464209 4.098400 81.899504
370.80 330.32 400.83 330.30 12.905842 13.924151 64.104595
386.02 235.40 415.98 235.40 15.388813 3.985923 67.901333
386.82 235.82 416.99 235.92 17.135901 4.472545 75.159274
395.69 244.83 425.72 244.79 15.736610 4.821240 64.818194
395.75 315.66 425.78 315.67 13.940134 11.056498 57.380129
399.08 319.79 429.16 319.81 14.188038 11.394622 57.092429
399.49 241.00 429.48 240.98 15.628570 4.266394 62.738899
406.29 273.96 436.30 273.95 14.758804 6.968332 56.651588
406.30 286.65 436.29 286.61 14.361979 7.947121 55.122657
450.26 350.27 480.25 350.27 14.995175 11.248928 44.924179
450.26 350.27 480.25 350.27 14.995175 11.248928 44.924179
450.26 350.27 480.25 350.27 14.995175 11.248928 44.924179
450.26 350.27 480.25 350.27 14.995175 11.248928 44.924179
450.26 50.25 480.26 50.26 19.988429 -14.965044 59.920664
450.26 50.25 480.26 50.26 19.988429 -14.965044 59.920664
450.26 50.25 480.26 50.26 19.988429 -14.965044 59.920664
450.26 50.25 480.26 50.26 19.988429 -14.965044 59.920664
