# 3D 点云坐标 (X, Y, Z)
# 点数: 52
# 格式: X Y Z
-13.856601 10.051107 39.315707
-13.856601 10.051107 39.315707
-13.856601 10.051107 39.315707
-13.856601 10.051107 39.315707
0.370930 0.282430 -1.114196
-0.757260 -0.587567 2.274441
-0.757260 -0.587567 2.274441
-0.757260 -0.587567 2.274441
-0.918863 -1.452575 7.568153
-0.918863 -1.452575 7.568153
-0.480845 -1.513747 9.358212
-0.221336 -1.889671 11.366665
-0.019326 0.051750 12.646225
0.527042 0.432902 13.810037
0.606413 0.963288 14.454026
1.133948 1.778367 15.588154
1.168148 1.038421 14.859718
1.385282 1.633597 15.592818
1.665351 2.860179 17.322937
1.840773 3.756184 17.575458
1.599621 0.927487 14.984733
1.887946 1.208239 15.366150
2.094375 1.174040 15.415421
2.254254 1.805849 15.940834
2.254254 1.805849 15.940834
2.238438 0.865931 15.203744
2.238438 0.865931 15.203744
2.429223 1.208454 15.554656
2.680670 2.431250 16.464365
2.822456 2.101396 16.239005
2.773077 1.532712 15.887173
2.831226 1.873887 16.079681
3.200708 4.317485 17.736910
3.270241 3.034048 17.102318
3.097529 0.814798 15.483315
3.449598 3.836538 17.358310
3.514262 0.954250 15.570505
3.569794 0.974644 15.723737
3.810928 1.213797 15.761622
4.069421 3.312466 16.893258
4.177837 3.440530 16.951995
3.894192 1.106904 15.690623
4.186962 2.034627 16.156469
4.228182 2.403612 16.324957
5.540126 4.226885 16.688077
5.540126 4.226885 16.688077
5.540126 4.226885 16.688077
5.540126 4.226885 16.688077
4.893375 -3.697824 14.660440
4.893375 -3.697824 14.660440
4.893375 -3.697824 14.660440
4.893375 -3.697824 14.660440
